28.276503, 4.051125, 0.0
29.87827, 4.527845, 0.0
31.480038, 5.004565, 0.0
32.16149, 5.20738, 0.0
32.346474, 6.149604, 0.0
32.668432, 7.789501, 0.0
32.990389, 9.429399, 0.0
33.312346, 11.069297, 0.0
33.45652, 11.80365, 0.0
33.843418, 11.66219, 0.0
33.745371, 11.160803, 0.0
33.42464, 9.520665, 0.0
33.103908, 7.880527, 0.0
32.783176, 6.240389, 0.0
32.56429, 5.121059, 0.0
33.081257, 5.001237, 0.0
34.253856, 4.729456, 0.0
34.618332, 5.022258, 0.0
35.921192, 6.068908, 0.0
37.224052, 7.115558, 0.0
38.31025, 7.988153, 0.0
38.561538, 7.869443, 0.0
38.680731, 7.813135, 0.0
37.530753, 6.789788, 0.0
36.282297, 5.678807, 0.0
35.033841, 4.567826, 0.0
34.876489, 4.427801, 0.0
35.667883, 3.200217, 0.0
36.055977, 2.598218, 0.0
37.006317, 2.691922, 0.0
38.669455, 2.85591, 0.0
40.332594, 3.019898, 0.0
40.611299, 3.047379, 0.0
40.611402, 2.635803, 0.0
39.638032, 2.525757, 0.0
37.977407, 2.338014, 0.0
36.316783, 2.150271, 0.0
36.116071, 2.127579, 0.0
35.744198, 0.706207, 0.0
35.495299, -0.245128, 0.0
35.878084, -0.816626, 0.0
36.808104, -2.205145, 0.0
37.611933, -3.405262, 0.0
37.734238, -3.575037, 0.0
37.751754, -3.575037, 0.0
39.422958, -3.575037, 0.0
39.438466, -3.575037, 0.0
39.091275, -4.365435, 0.0
38.526415, -3.901928, 0.0
38.470317, -3.927657, 0.0
36.951256, -4.624345, 0.0
35.432196, -5.321034, 0.0
35.182902, -5.435368, 0.0
34.921761, -6.807684, 0.0
34.60935, -8.449427, 0.0
34.296939, -10.09117, 0.0
33.984528, -11.732913, 0.0
33.911257, -12.117959, 0.0
33.524359, -11.976499, 0.0
33.690808, -11.125321, 0.0
34.01154, -9.485183, 0.0
34.332271, -7.845046, 0.0
34.653003, -6.204908, 0.0
34.803488, -5.435368, 0.0
33.940745, -5.228969, 0.0
33.062534, -5.01887, 0.0
32.468464, -5.505931, 0.0
31.176096, -6.565508, 0.0
29.883727, -7.625085, 0.0
29.057527, -8.302463, 0.0
28.687046, -8.127445, 0.0
28.831284, -7.999091, 0.0
30.079739, -6.88811, 0.0
31.328195, -5.777129, 0.0
32.491288, -4.742111, 0.0
32.429373, -4.64607, 0.0
31.523851, -3.241452, 0.0
31.311801, -2.912527, 0.0
30.038126, -3.038113, 0.0
28.374988, -3.202101, 0.0
26.796453, -3.357746, 0.0
26.788135, -3.273141, 0.0
26.756376, -2.950112, 0.0
28.094468, -2.798833, 0.0
29.755093, -2.61109, 0.0
31.251706, -2.441889, 0.0
31.293483, -2.282207, 0.0
31.716483, -0.665423, 0.0
31.872478, -0.069181, 0.0
31.285433, 0.807276, 0.0
30.355414, 2.195795, 0.0
29.755844, 3.090953, 0.0
30.053045, 3.317346, 0.0
30.182718, 3.139382, 0.0
31.166886, 1.788702, 0.0
32.151054, 0.438023, 0.0
32.438318, 0.04378, 0.0
32.438318, -0.35809, 0.0
32.170838, -1.092427, 0.0
31.60897, -2.634976, 0.0
31.626888, -2.658425, 0.0
32.641581, -3.986325, 0.0
33.190224, -4.704319, 0.0
33.943058, -4.85408, 0.0
34.84861, -5.034221, 0.0
35.522483, -4.899876, 0.0
35.574619, -4.868646, 0.0
37.008297, -4.009875, 0.0
37.413476, -3.767173, 0.0
36.748516, -2.769586, 0.0
35.821594, -1.378998, 0.0
35.303864, -0.602289, 0.0
34.56877, -0.539645, 0.0
32.903602, -0.397741, 0.0
32.715823, -0.381739, 0.0
32.728397, 0.04378, 0.0
33.785436, 0.04378, 0.0
34.929459, 0.04378, 0.0
35.109887, 0.539124, 0.0
35.681855, 2.109402, 0.0
35.758807, 2.320667, 0.0
34.880631, 3.469912, 0.0
34.177553, 4.39001, 0.0
33.674185, 4.490144, 0.0
32.519167, 4.719911, 0.0
32.047577, 4.574317, 0.0
30.450742, 4.081326, 0.0
28.853907, 3.588334, 0.0
27.868761, 4.385706, 0.0
27.092404, 3.102246, 0.0
25.995637, 2.078966, 0.0
25.237908, 0.784421, 0.0
24.932561, -0.684171, 0.0
25.086235, -2.176279, 0.0
26.3925, -2.913618, 0.0
25.317318, -3.959555, 0.0
25.310907, -5.459541, 0.0
25.765096, -6.889126, 0.0
26.620017, -8.121647, 0.0
28.08862, -8.426945, 0.0
28.411198, -9.891849, 0.0
29.312948, -11.090534, 0.0
30.551376, -11.936878, 0.0
31.987117, -12.371213, 0.0
33.445014, -12.018316, 0.0
34.651018, -12.910254, 0.0
36.118937, -13.218823, 0.0
37.611701, -13.071672, 0.0
38.991176, -12.482563, 0.0
40.108558, -11.481834, 0.0
40.892422, -10.202945, 0.0
41.212877, -8.737575, 0.0
41.089916, -7.242624, 0.0
40.5121, -5.85838, 0.0
39.529497, -4.725027, 0.0
40.252776, -3.410924, 0.0
41.363928, -2.403283, 0.0
42.126051, -1.11132, 0.0
42.433923, 0.356745, 0.0
42.271812, 1.84796, 0.0
40.973648, 2.599472, 0.0
42.050324, 3.643871, 0.0
42.057006, 5.143856, 0.0
41.603329, 6.573604, 0.0
40.746491, 7.804793, 0.0
39.278334, 8.112223, 0.0
38.95669, 9.577333, 0.0
38.055014, 10.776073, 0.0
36.816613, 11.622456, 0.0
35.380899, 12.05688, 0.0
33.92297, 11.704115, 0.0
33.843418, 11.66219, 0.0
32.678758, 12.607476, 0.0
31.209255, 12.908411, 0.0
29.718091, 12.745836, 0.0
28.341685, 12.149593, 0.0
27.234583, 11.137504, 0.0
26.463839, 9.850665, 0.0
26.150995, 8.383652, 0.0
26.289464, 6.890056, 0.0
26.874504, 5.508851, 0.0
